#   PRODUCT      ZAFP     FPS           Y          DY
# ----------- ------- ------- ----------- -----------
 23-V - 66    23066.      0.  2.0503E-19  1.3122E-19
 24-Cr- 66    24066.      0.  2.4098E-14  1.5423E-14
 24-Cr- 67    24067.      0.  0.0000E+00  0.0000E+00
 24-Cr- 68    24068.      0.  0.0000E+00  0.0000E+00
 24-Cr- 69    24069.      0.  2.1082E-18  1.3492E-18
 24-Cr- 70    24070.      0.  0.0000E+00  0.0000E+00
 25-Mn- 66    25066.      0.  7.1995E-12  4.6077E-12
 25-Mn- 67    25067.      0.  5.3796E-12  3.4430E-12
 25-Mn- 68    25068.      0.  6.6595E-13  4.2621E-13
 25-Mn- 69    25069.      0.  8.0292E-14  5.1387E-14
 25-Mn- 70    25070.      0.  0.0000E+00  0.0000E+00
 25-Mn- 71    25071.      0.  0.0000E+00  0.0000E+00
 25-Mn- 72    25072.      0.  6.0829E-18  3.8930E-18
 25-Mn- 73    25073.      0.  6.4107E-19  4.1029E-19
 26-Fe- 66    26066.      0.  3.7597E-10  2.4062E-10
 26-Fe- 67    26067.      0.  6.8695E-10  4.3965E-10
 26-Fe- 68    26068.      0.  3.9197E-10  2.5086E-10
 26-Fe- 69    26069.      0.  1.2199E-10  7.8074E-11
 26-Fe- 70    26070.      0.  3.2398E-11  2.0734E-11
 26-Fe- 71    26071.      0.  4.9197E-12  3.1486E-12
 26-Fe- 72    26072.      0.  7.1494E-13  4.5756E-13
 26-Fe- 73    26073.      0.  5.5395E-14  3.5453E-14
 26-Fe- 74    26074.      0.  0.0000E+00  0.0000E+00
 26-Fe- 75    26075.      0.  1.0003E-16  6.4017E-17
 26-Fe- 76    26076.      0.  0.0000E+00  0.0000E+00
 27-Co- 66    27066.      0.  2.8098E-10  1.7983E-10
 27-Co- 67    27067.      0.  1.9999E-09  1.2799E-09
 27-Co- 68    27068.      0.  2.4698E-09  1.5807E-09
 27-Co- 69    27069.      0.  3.2498E-09  2.0799E-09
 27-Co- 70    27070.      0.  2.0899E-09  1.3375E-09
 27-Co- 71    27071.      0.  1.4799E-09  9.4713E-10
 27-Co- 72    27072.      0.  5.7996E-10  3.7117E-10
 27-Co- 73    27073.      0.  2.2098E-10  1.4143E-10
 27-Co- 74    27074.      0.  2.9998E-11  1.9199E-11
 27-Co- 75    27075.      0.  3.8096E-12  2.4382E-12
 27-Co- 76    27076.      0.  2.5298E-13  1.6191E-13
 27-Co- 77    27077.      0.  6.5264E-15  4.1769E-15
 27-Co- 78    27078.      0.  4.2793E-16  2.7388E-16
 28-Ni- 66    28066.      0.  5.7796E-11  3.6989E-11
 28-Ni- 67    28067.      0.  9.0394E-10  5.7852E-10
 28-Ni- 68    28068.      0.  4.1897E-09  2.6814E-09
 28-Ni- 69    28069.      0.  1.1199E-08  7.1675E-09
 28-Ni- 70    28070.      0.  2.7798E-08  1.7791E-08
 28-Ni- 71    28071.      0.  4.3497E-08  2.7838E-08
 28-Ni- 72    28072.      0.  7.5995E-08  4.8637E-08
 28-Ni- 73    28073.      0.  7.1295E-08  4.5629E-08
 28-Ni- 74    28074.      0.  4.5797E-08  2.9310E-08
 28-Ni- 75    28075.      0.  1.5299E-08  9.7913E-09
 28-Ni- 76    28076.      0.  5.0197E-09  3.2126E-09
 28-Ni- 77    28077.      0.  5.6395E-10  3.6093E-10
 28-Ni- 78    28078.      0.  5.0296E-11  3.2190E-11
 28-Ni- 80    28080.      0.  1.5599E-14  9.9833E-15
 28-Ni- 82    28082.      0.  0.0000E+00  0.0000E+00
 29-Cu- 66    29066.      0.  1.4299E-13  9.1514E-14
 29-Cu- 67    29067.      0.  9.6793E-12  6.1948E-12
 29-Cu- 68    29068.      0.  3.1498E-11  2.0159E-11
 29-Cu- 68-M  29068.      1.  7.3595E-11  4.7101E-11
 29-Cu- 69    29069.      0.  1.1399E-09  7.2955E-10
 29-Cu- 70    29070.      0.  1.4899E-09  9.5353E-10
 29-Cu- 70-M  29070.      1.  4.4597E-09  2.8542E-09
 29-Cu- 71    29071.      0.  3.4798E-08  2.2270E-08
 29-Cu- 72    29072.      0.  1.2699E-07  8.1274E-08
 29-Cu- 73    29073.      0.  4.7097E-07  3.0142E-07
 29-Cu- 74    29074.      0.  6.8195E-07  4.3645E-07
 29-Cu- 75    29075.      0.  1.0099E-06  6.4635E-07
 29-Cu- 76    29076.      0.  8.2794E-07  5.2988E-07
 29-Cu- 77    29077.      0.  4.4497E-07  2.8478E-07
 29-Cu- 78    29078.      0.  1.0899E-07  6.9755E-08
 29-Cu- 79    29079.      0.  0.0000E+00  0.0000E+00
 29-Cu- 80    29080.      0.  5.2496E-10  3.3598E-10
 29-Cu- 81    29081.      0.  0.0000E+00  0.0000E+00
 29-Cu- 82    29082.      0.  1.4799E-12  9.4713E-13
 29-Cu- 83    29083.      0.  7.3133E-15  4.6805E-15
 30-Zn- 66    30066.      0.  0.0000E+00  0.0000E+00
 30-Zn- 67    30067.      0.  0.0000E+00  0.0000E+00
 30-Zn- 68    30068.      0.  4.7397E-13  3.0334E-13
 30-Zn- 69    30069.      0.  2.4798E-12  1.5871E-12
 30-Zn- 69-M  30069.      1.  1.0599E-11  6.7835E-12
 30-Zn- 70    30070.      0.  3.0298E-10  1.9391E-10
 30-Zn- 71    30071.      0.  7.7095E-10  4.9340E-10
 30-Zn- 71-M  30071.      1.  3.2898E-09  2.1055E-09
 30-Zn- 72    30072.      0.  6.0996E-08  3.9037E-08
 30-Zn- 73    30073.      0.  4.6297E-07  2.9630E-07
 30-Zn- 74    30074.      0.  2.5098E-06  1.6063E-06
 30-Zn- 75    30075.      0.  7.6695E-06  4.9085E-06
 30-Zn- 76    30076.      0.  1.8379E-05  1.1762E-05
 30-Zn- 77    30077.      0.  3.1438E-05  2.0120E-05
 30-Zn- 78    30078.      0.  3.5647E-05  2.2814E-05
 30-Zn- 79    30079.      0.  1.6389E-05  7.3750E-06
 30-Zn- 80    30080.      0.  2.4198E-06  1.5487E-06
 30-Zn- 81    30081.      0.  0.0000E+00  0.0000E+00
 30-Zn- 82    30082.      0.  1.0799E-07  6.9115E-08
 30-Zn- 83    30083.      0.  6.3195E-10  4.0445E-10
 30-Zn- 84    30084.      0.  1.2199E-08  7.8074E-09
 30-Zn- 85    30085.      0.  1.5437E-13  9.8799E-14
 30-Zn- 86    30086.      0.  2.2798E-12  1.4591E-12
 31-Ga- 66    31066.      0.  0.0000E+00  0.0000E+00
 31-Ga- 67    31067.      0.  0.0000E+00  0.0000E+00
 31-Ga- 68    31068.      0.  0.0000E+00  0.0000E+00
 31-Ga- 69    31069.      0.  0.0000E+00  0.0000E+00
 31-Ga- 70    31070.      0.  1.4699E-13  9.4073E-14
 31-Ga- 71    31071.      0.  9.3893E-12  6.0092E-12
 31-Ga- 72-M  31072.      1.  1.9299E-10  1.2351E-10
 31-Ga- 72    31072.      0.  1.9299E-10  1.2351E-10
 31-Ga- 73    31073.      0.  1.2099E-08  7.7435E-09
 31-Ga- 74-M  31074.      1.  7.2995E-08  4.6717E-08
 31-Ga- 74    31074.      0.  7.2995E-08  4.6717E-08
 31-Ga- 75    31075.      0.  1.9299E-06  1.2351E-06
 31-Ga- 76    31076.      0.  1.0459E-05  6.6939E-06
 31-Ga- 77    31077.      0.  4.0817E-05  2.6123E-05
 31-Ga- 78    31078.      0.  1.0281E-04  6.5800E-05
 31-Ga- 79    31079.      0.  1.7108E-04  1.8819E-05
 31-Ga- 80    31080.      0.  1.1706E-04  1.8730E-05
 31-Ga- 81    31081.      0.  8.1774E-05  2.6168E-05
 31-Ga- 82    31082.      0.  6.2616E-05  4.0074E-05
 31-Ga- 83    31083.      0.  1.9199E-06  1.2287E-06
 31-Ga- 84    31084.      0.  1.1067E-04  7.0830E-05
 31-Ga- 85    31085.      0.  5.8794E-09  3.7628E-09
 31-Ga- 86    31086.      0.  3.2798E-07  2.0990E-07
 31-Ga- 87    31087.      0.  2.5411E-10  1.6263E-10
 31-Ga- 88    31088.      0.  4.4239E-12  2.8313E-12
 32-Ge- 66    32066.      0.  0.0000E+00  0.0000E+00
 32-Ge- 67    32067.      0.  0.0000E+00  0.0000E+00
 32-Ge- 68    32068.      0.  0.0000E+00  0.0000E+00
 32-Ge- 69    32069.      0.  0.0000E+00  0.0000E+00
 32-Ge- 70    32070.      0.  0.0000E+00  0.0000E+00
 32-Ge- 71    32071.      0.  0.0000E+00  0.0000E+00
 32-Ge- 71-M  32071.      1.  0.0000E+00  0.0000E+00
 32-Ge- 72    32072.      0.  3.6397E-13  2.3294E-13
 32-Ge- 73    32073.      0.  2.3798E-11  1.5231E-11
 32-Ge- 73-M  32073.      1.  5.5896E-12  3.5774E-12
 32-Ge- 74    32074.      0.  1.6699E-09  1.0687E-09
 32-Ge- 75    32075.      0.  6.8095E-09  4.3581E-09
 32-Ge- 75-M  32075.      1.  4.5597E-08  2.9182E-08
 32-Ge- 76    32076.      0.  1.2999E-06  8.3194E-07
 32-Ge- 77    32077.      0.  5.9596E-06  3.8141E-06
 32-Ge- 77-M  32077.      1.  8.9094E-07  5.7020E-07
 32-Ge- 78    32078.      0.  6.9415E-05  4.4426E-05
 32-Ge- 79-M  32079.      1.  1.1625E-04  7.4398E-05
 32-Ge- 79    32079.      0.  1.1625E-04  7.4398E-05
 32-Ge- 80    32080.      0.  1.0182E-03  4.0727E-05
 32-Ge- 81    32081.      0.  1.2626E-03  5.0504E-05
 32-Ge- 82    32082.      0.  1.2647E-03  5.0588E-05
 32-Ge- 83    32083.      0.  4.7886E-04  3.0647E-04
 32-Ge- 84    32084.      0.  1.8995E-04  4.3688E-05
 32-Ge- 85    32085.      0.  2.1298E-05  1.3631E-05
 32-Ge- 86    32086.      0.  6.2867E-03  1.0059E-03
 32-Ge- 87    32087.      0.  2.1958E-05  1.4053E-05
 32-Ge- 88    32088.      0.  5.1996E-07  3.3277E-07
 32-Ge- 89    32089.      0.  4.0431E-11  2.5876E-11
 32-Ge- 90    32090.      0.  1.1707E-12  7.4926E-13
 32-Ge- 91    32091.      0.  6.1373E-14  3.9279E-14
 33-As- 69    33069.      0.  0.0000E+00  0.0000E+00
 33-As- 71    33071.      0.  0.0000E+00  0.0000E+00
 33-As- 72    33072.      0.  0.0000E+00  0.0000E+00
 33-As- 73    33073.      0.  0.0000E+00  0.0000E+00
 33-As- 74    33074.      0.  4.9896E-14  3.1934E-14
 33-As- 74-M  33074.      1.  1.1599E-13  7.4235E-14
 33-As- 75    33075.      0.  2.5598E-11  1.6383E-11
 33-As- 76    33076.      0.  1.6499E-09  1.0559E-09
 33-As- 77    33077.      0.  4.3097E-08  2.7582E-08
 33-As- 78    33078.      0.  1.2999E-06  2.9898E-07
 33-As- 79    33079.      0.  2.6568E-05  1.1956E-05
 33-As- 80    33080.      0.  1.3695E-04  8.7648E-05
 33-As- 81    33081.      0.  6.0905E-04  4.8724E-05
 33-As- 82    33082.      0.  1.2875E-03  8.2400E-04
 33-As- 82-M  33082.      1.  2.7105E-04  1.7347E-04
 33-As- 83    33083.      0.  2.9069E-03  1.1628E-04
 33-As- 84-M  33084.      1.  9.8697E-04  6.3166E-04
 33-As- 84    33084.      0.  9.8697E-04  6.3166E-04
 33-As- 85    33085.      0.  1.2136E-03  7.7672E-04
 33-As- 86    33086.      0.  1.9923E-04  1.2751E-04
 33-As- 87    33087.      0.  5.0532E-04  3.2341E-04
 33-As- 88    33088.      0.  1.2430E-03  7.9551E-04
 33-As- 89    33089.      0.  1.5399E-06  9.8550E-07
 33-As- 90    33090.      0.  3.2781E-08  2.0980E-08
 33-As- 91    33091.      0.  2.3375E-09  1.4960E-09
 33-As- 92    33092.      0.  3.5476E-12  2.2705E-12
 33-As- 93    33093.      0.  2.8435E-13  1.8198E-13
 34-Se- 72    34072.      0.  0.0000E+00  0.0000E+00
 34-Se- 73    34073.      0.  0.0000E+00  0.0000E+00
 34-Se- 73-M  34073.      1.  0.0000E+00  0.0000E+00
 34-Se- 74    34074.      0.  0.0000E+00  0.0000E+00
 34-Se- 75    34075.      0.  0.0000E+00  0.0000E+00
 34-Se- 76    34076.      0.  3.0398E-13  1.9455E-13
 34-Se- 77    34077.      0.  2.7498E-12  1.7599E-12
 34-Se- 77-M  34077.      1.  1.8399E-11  1.1775E-11
 34-Se- 78    34078.      0.  2.4698E-09  1.5807E-09
 34-Se- 79    34079.      0.  1.0999E-07  7.0395E-08
 34-Se- 79-M  34079.      1.  1.6499E-08  1.0559E-08
 34-Se- 80    34080.      0.  4.8896E-06  3.1294E-06
 34-Se- 81    34081.      0.  1.0379E-05  2.3872E-06
 34-Se- 81-M  34081.      1.  6.9265E-05  1.5931E-05
 34-Se- 82    34082.      0.  3.7098E-04  2.9679E-05
 34-Se- 83    34083.      0.  1.4292E-03  8.5752E-05
 34-Se- 83-M  34083.      1.  3.3525E-04  2.0115E-05
 34-Se- 84    34084.      0.  6.3095E-03  1.2619E-04
 34-Se- 85    34085.      0.  4.4669E-03  2.8588E-03
 34-Se- 85-M  34085.      1.  4.4669E-03  2.8588E-03
 34-Se- 86    34086.      0.  8.3584E-03  2.3403E-04
 34-Se- 87    34087.      0.  7.3105E-03  2.9242E-04
 34-Se- 88    34088.      0.  2.6787E-03  1.6072E-04
 34-Se- 89    34089.      0.  4.8549E-04  5.3403E-05
 34-Se- 90    34090.      0.  1.2699E-04  8.1272E-05
 34-Se- 91    34091.      0.  6.6572E-06  4.2606E-06
 34-Se- 92    34092.      0.  4.1697E-07  2.6686E-07
 34-Se- 93    34093.      0.  2.4571E-08  1.5725E-08
 34-Se- 94    34094.      0.  1.7099E-10  1.0943E-10
 34-Se- 95    34095.      0.  6.6257E-13  4.2405E-13
 34-Se- 96    34096.      0.  1.2799E-13  8.1914E-14
 35-Br- 75    35075.      0.  0.0000E+00  0.0000E+00
 35-Br- 77    35077.      0.  0.0000E+00  0.0000E+00
 35-Br- 77-M  35077.      1.  0.0000E+00  0.0000E+00
 35-Br- 78    35078.      0.  4.9396E-14  3.1614E-14
 35-Br- 79    35079.      0.  3.1098E-12  1.9903E-12
 35-Br- 79-M  35079.      1.  1.0399E-11  6.6555E-12
 35-Br- 80    35080.      0.  3.7097E-10  2.3742E-10
 35-Br- 80-M  35080.      1.  1.1099E-09  7.1035E-10
 35-Br- 81    35081.      0.  8.8594E-08  5.6700E-08
 35-Br- 82    35082.      0.  3.8297E-07  2.4510E-07
 35-Br- 82-M  35082.      1.  1.6299E-07  1.0431E-07
 35-Br- 83    35083.      0.  1.9538E-04  3.1260E-05
 35-Br- 84    35084.      0.  1.8580E-04  2.0438E-05
 35-Br- 84-M  35084.      1.  1.6725E-04  1.3380E-05
 35-Br- 85    35085.      0.  2.3502E-03  1.4101E-04
 35-Br- 86    35086.      0.  2.2974E-03  6.4326E-05
 35-Br- 86-M  35086.      1.  2.2974E-03  1.4703E-03
 35-Br- 87    35087.      0.  1.2718E-02  3.5609E-04
 35-Br- 88    35088.      0.  1.3874E-02  2.7748E-04
 35-Br- 89    35089.      0.  1.0393E-02  4.1571E-04
 35-Br- 90    35090.      0.  5.5255E-03  3.3153E-04
 35-Br- 91    35091.      0.  2.2370E-03  2.4608E-04
 35-Br- 92    35092.      0.  2.6771E-04  1.7134E-04
 35-Br- 93    35093.      0.  3.0843E-05  1.9740E-05
 35-Br- 94    35094.      0.  1.6599E-06  1.0623E-06
 35-Br- 95    35095.      0.  2.5235E-08  1.6150E-08
 35-Br- 96    35096.      0.  1.9099E-08  1.2223E-08
 35-Br- 97    35097.      0.  3.4368E-12  2.1996E-12
 35-Br- 98    35098.      0.  1.3893E-10  8.8914E-11
 36-Kr- 77    36077.      0.  0.0000E+00  0.0000E+00
 36-Kr- 78    36078.      0.  0.0000E+00  0.0000E+00
 36-Kr- 79-M  36079.      1.  0.0000E+00  0.0000E+00
 36-Kr- 79    36079.      0.  0.0000E+00  0.0000E+00
 36-Kr- 80    36080.      0.  6.2496E-14  3.9997E-14
 36-Kr- 81    36081.      0.  9.4293E-12  6.0348E-12
 36-Kr- 81-M  36081.      1.  1.4099E-12  9.0234E-13
 36-Kr- 82    36082.      0.  3.3498E-10  2.1438E-10
 36-Kr- 83    36083.      0.  6.6295E-08  4.2429E-08
 36-Kr- 83-M  36083.      1.  1.5499E-08  9.9193E-09
 36-Kr- 84    36084.      0.  3.2498E-06  2.0798E-06
 36-Kr- 85    36085.      0.  2.5533E-04  4.0853E-05
 36-Kr- 85-M  36085.      1.  5.8906E-05  9.4249E-06
 36-Kr- 86    36086.      0.  8.7223E-04  6.9778E-05
 36-Kr- 87    36087.      0.  4.6337E-03  2.7802E-04
 36-Kr- 88    36088.      0.  1.7322E-02  6.9289E-04
 36-Kr- 89    36089.      0.  3.4385E-02  4.8138E-04
 36-Kr- 90    36090.      0.  4.3970E-02  6.1557E-04
 36-Kr- 91    36091.      0.  3.1560E-02  3.1560E-04
 36-Kr- 92    36092.      0.  1.6581E-02  4.6427E-04
 36-Kr- 93    36093.      0.  4.8631E-03  1.9452E-04
 36-Kr- 94    36094.      0.  8.6815E-04  9.5496E-05
 36-Kr- 95    36095.      0.  7.1870E-05  4.5997E-05
 36-Kr- 96    36096.      0.  3.7811E-04  2.4199E-04
 36-Kr- 97    36097.      0.  2.9698E-07  1.9006E-07
 36-Kr- 98    36098.      0.  1.6329E-05  1.0450E-05
 36-Kr- 99    36099.      0.  1.2276E-11  7.8566E-12
 36-Kr-100    36100.      0.  1.1499E-08  7.3595E-09
 36-Kr-101    36101.      0.  4.1358E-13  2.6469E-13
 37-Rb- 79    37079.      0.  0.0000E+00  0.0000E+00
 37-Rb- 81    37081.      0.  0.0000E+00  0.0000E+00
 37-Rb- 83    37083.      0.  2.2998E-12  1.4719E-12
 37-Rb- 84    37084.      0.  2.1599E-11  1.3823E-11
 37-Rb- 85    37085.      0.  2.3748E-05  1.5199E-05
 37-Rb- 86-M  37086.      1.  3.2248E-08  2.0639E-08
 37-Rb- 86    37086.      0.  3.2248E-08  2.0639E-08
 37-Rb- 87    37087.      0.  2.5018E-05  1.6012E-05
 37-Rb- 88    37088.      0.  2.2301E-04  1.7841E-05
 37-Rb- 89    37089.      0.  2.0454E-03  8.1817E-05
 37-Rb- 90    37090.      0.  1.3862E-03  8.3174E-05
 37-Rb- 90-M  37090.      1.  7.0662E-03  4.5224E-03
 37-Rb- 91    37091.      0.  2.2249E-02  3.1149E-04
 37-Rb- 92    37092.      0.  3.1317E-02  6.2635E-04
 37-Rb- 93    37093.      0.  3.0667E-02  4.2934E-04
 37-Rb- 94    37094.      0.  1.5665E-02  4.3861E-04
 37-Rb- 95    37095.      0.  7.6369E-03  3.0547E-04
 37-Rb- 96    37096.      0.  1.6842E-03  1.3474E-04
 37-Rb- 97    37097.      0.  3.7937E-04  3.0350E-05
 37-Rb- 98    37098.      0.  2.3588E-05  1.0615E-05
 37-Rb- 99    37099.      0.  4.6754E-07  2.9923E-07
 37-Rb-100    37100.      0.  3.4761E-04  2.2247E-04
 37-Rb-101    37101.      0.  1.5752E-08  1.0081E-08
 37-Rb-102    37102.      0.  1.4718E-11  9.4196E-12
 37-Rb-103    37103.      0.  2.3811E-13  1.5239E-13
 38-Sr- 83    38083.      0.  0.0000E+00  0.0000E+00
 38-Sr- 84    38084.      0.  0.0000E+00  0.0000E+00
 38-Sr- 85-M  38085.      1.  3.9247E-13  2.5118E-13
 38-Sr- 85    38085.      0.  3.9247E-13  2.5118E-13
 38-Sr- 86    38086.      0.  1.1899E-10  7.6155E-11
 38-Sr- 87    38087.      0.  1.0699E-08  6.8475E-09
 38-Sr- 87-M  38087.      1.  2.5098E-09  1.6063E-09
 38-Sr- 88    38088.      0.  7.6795E-07  4.9149E-07
 38-Sr- 89    38089.      0.  1.7520E-04  1.1213E-04
 38-Sr- 90    38090.      0.  7.3713E-04  4.4228E-05
 38-Sr- 91    38091.      0.  2.5048E-03  1.5029E-04
 38-Sr- 92    38092.      0.  1.0752E-02  6.4511E-04
 38-Sr- 93    38093.      0.  2.5697E-02  5.1394E-04
 38-Sr- 94    38094.      0.  4.5127E-02  6.3177E-04
 38-Sr- 95    38095.      0.  4.5373E-02  9.0746E-04
 38-Sr- 96    38096.      0.  3.5681E-02  7.1362E-04
 38-Sr- 97    38097.      0.  1.7207E-02  4.8179E-04
 38-Sr- 98    38098.      0.  8.0809E-03  4.8486E-04
 38-Sr- 99    38099.      0.  1.3316E-03  1.4647E-04
 38-Sr-100    38100.      0.  8.1524E-05  5.2175E-05
 38-Sr-101    38101.      0.  4.4861E-05  2.8711E-05
 38-Sr-102    38102.      0.  1.7299E-06  1.1071E-06
 38-Sr-103    38103.      0.  2.0575E-08  1.3168E-08
 38-Sr-104    38104.      0.  1.3099E-09  8.3834E-10
 38-Sr-105    38105.      0.  0.0000E+00  0.0000E+00
 38-Sr-106    38106.      0.  0.0000E+00  0.0000E+00
 38-Sr-107    38107.      0.  0.0000E+00  0.0000E+00
 38-Sr-108    38108.      0.  0.0000E+00  0.0000E+00
 39-Y - 85    39085.      0.  0.0000E+00  0.0000E+00
 39-Y - 87    39087.      0.  9.9993E-14  6.3996E-14
 39-Y - 88    39088.      0.  1.6999E-11  1.0879E-11
 39-Y - 89    39089.      0.  4.3997E-10  2.8158E-10
 39-Y - 89-M  39089.      1.  1.8799E-09  1.2031E-09
 39-Y - 90-M  39090.      1.  4.4847E-08  2.8702E-08
 39-Y - 90    39090.      0.  4.4847E-08  2.8702E-08
 39-Y - 91-M  39091.      1.  1.6499E-06  1.0559E-06
 39-Y - 91    39091.      0.  1.6499E-06  1.0559E-06
 39-Y - 92    39092.      0.  7.1483E-04  3.2167E-04
 39-Y - 93-M  39093.      1.  5.4334E-04  3.4774E-04
 39-Y - 93    39093.      0.  5.4334E-04  3.4774E-04
 39-Y - 94    39094.      0.  3.8983E-03  3.1187E-04
 39-Y - 95    39095.      0.  1.1054E-02  3.5373E-03
 39-Y - 96    39096.      0.  2.2439E-03  1.4361E-03
 39-Y - 96-M  39096.      1.  2.0195E-02  6.4624E-03
 39-Y - 97-M  39097.      1.  1.5702E-02  1.0050E-02
 39-Y - 97    39097.      0.  1.5702E-02  1.0050E-02
 39-Y - 98    39098.      0.  1.1063E-02  3.5402E-03
 39-Y - 98-M  39098.      1.  1.1063E-02  3.5402E-03
 39-Y - 99    39099.      0.  1.9493E-02  1.1696E-03
 39-Y -100    39100.      0.  5.6739E-03  3.6313E-03
 39-Y -101    39101.      0.  2.7800E-03  3.0580E-04
 39-Y -102    39102.      0.  2.6798E-03  1.7151E-03
 39-Y -103    39103.      0.  2.5828E-05  1.6530E-05
 39-Y -104    39104.      0.  5.6796E-06  3.6349E-06
 39-Y -105    39105.      0.  4.6700E-12  2.9888E-12
 39-Y -106    39106.      0.  4.9791E-17  3.1866E-17
 39-Y -107    39107.      0.  6.2799E-18  4.0191E-18
 39-Y -108    39108.      0.  9.1877E-21  5.8801E-21
 39-Y -109    39109.      0.  4.4582E-14  2.8532E-14
 39-Y -110    39110.      0.  7.9035E-16  5.0582E-16
 40-Zr- 87    40087.      0.  0.0000E+00  0.0000E+00
 40-Zr- 88    40088.      0.  0.0000E+00  0.0000E+00
 40-Zr- 89    40089.      0.  2.0699E-14  1.3247E-14
 40-Zr- 90-M  40090.      1.  2.0948E-12  1.3407E-12
 40-Zr- 90    40090.      0.  2.0948E-12  1.3407E-12
 40-Zr- 91    40091.      0.  4.4197E-10  2.8286E-10
 40-Zr- 92    40092.      0.  1.1898E-04  7.6148E-05
 40-Zr- 93    40093.      0.  1.3699E-06  8.7674E-07
 40-Zr- 94    40094.      0.  1.9495E-04  1.2477E-04
 40-Zr- 95    40095.      0.  1.2724E-03  2.0359E-04
 40-Zr- 96    40096.      0.  3.3705E-03  3.7076E-04
 40-Zr- 97    40097.      0.  1.0924E-02  6.5543E-04
 40-Zr- 98    40098.      0.  2.5736E-02  1.1581E-02
 40-Zr- 99    40099.      0.  3.5839E-02  8.2431E-03
 40-Zr-100    40100.      0.  4.9764E-02  1.5925E-02
 40-Zr-101    40101.      0.  2.7878E-02  1.1151E-03
 40-Zr-102    40102.      0.  1.7813E-02  7.1253E-04
 40-Zr-103    40103.      0.  4.9887E-03  3.1928E-03
 40-Zr-104    40104.      0.  8.2787E-04  1.3246E-04
 40-Zr-105    40105.      0.  1.1584E-03  7.4136E-04
 40-Zr-106    40106.      0.  1.6799E-08  1.0751E-08
 40-Zr-107    40107.      0.  1.5577E-09  9.9693E-10
 40-Zr-108    40108.      0.  3.0998E-12  1.9839E-12
 40-Zr-109    40109.      0.  3.8523E-09  2.4655E-09
 40-Zr-110    40110.      0.  9.2893E-11  5.9451E-11
 40-Zr-111    40111.      0.  2.1011E-14  1.3447E-14
 40-Zr-112    40112.      0.  8.8935E-16  5.6919E-16
 41-Nb- 89    41089.      0.  0.0000E+00  0.0000E+00
 41-Nb- 90    41090.      0.  0.0000E+00  0.0000E+00
 41-Nb- 91    41091.      0.  0.0000E+00  0.0000E+00
 41-Nb- 92    41092.      0.  2.2698E-13  1.4527E-13
 41-Nb- 93    41093.      0.  3.6197E-11  2.3166E-11
 41-Nb- 93-M  41093.      1.  8.4894E-12  5.4332E-12
 41-Nb- 94    41094.      0.  1.4599E-09  9.3433E-10
 41-Nb- 94-M  41094.      1.  1.0099E-09  6.4635E-10
 41-Nb- 95    41095.      0.  1.0599E-06  6.7835E-07
 41-Nb- 95-M  41095.      1.  2.4798E-07  1.5871E-07
 41-Nb- 96    41096.      0.  5.4396E-06  3.4813E-06
 41-Nb- 97    41097.      0.  1.0755E-04  1.7208E-05
 41-Nb- 97-M  41097.      1.  2.4468E-05  5.6277E-06
 41-Nb- 98    41098.      0.  1.1563E-03  7.4005E-04
 41-Nb- 98-M  41098.      1.  3.8549E-04  2.4672E-04
 41-Nb- 99    41099.      0.  2.9965E-04  3.2961E-05
 41-Nb- 99-M  41099.      1.  4.0658E-03  3.2526E-04
 41-Nb-100    41100.      0.  3.1890E-03  2.0410E-03
 41-Nb-100-M  41100.      1.  3.1890E-03  2.0410E-03
 41-Nb-101    41101.      0.  1.9162E-02  7.6650E-04
 41-Nb-102-M  41102.      1.  7.8944E-03  5.0524E-03
 41-Nb-102    41102.      0.  7.8944E-03  5.0524E-03
 41-Nb-103    41103.      0.  1.4103E-02  3.2437E-03
 41-Nb-104-M  41104.      1.  2.8522E-03  1.8254E-03
 41-Nb-104    41104.      0.  2.8522E-03  1.8254E-03
 41-Nb-105    41105.      0.  1.3861E-03  1.1089E-04
 41-Nb-106    41106.      0.  1.5737E-04  1.0072E-04
 41-Nb-107    41107.      0.  2.3137E-05  1.4808E-05
 41-Nb-108    41108.      0.  8.9994E-07  5.7596E-07
 41-Nb-109    41109.      0.  4.8358E-06  3.0949E-06
 41-Nb-110    41110.      0.  1.5299E-07  9.7913E-08
 41-Nb-111    41111.      0.  8.0021E-10  5.1214E-10
 41-Nb-112    41112.      0.  2.4903E-11  1.5938E-11
 41-Nb-113    41113.      0.  1.2896E-14  8.2532E-15
 41-Nb-114    41114.      0.  3.7433E-16  2.3957E-16
 42-Mo- 90    42090.      0.  0.0000E+00  0.0000E+00
 42-Mo- 91    42091.      0.  0.0000E+00  0.0000E+00
 42-Mo- 92    42092.      0.  0.0000E+00  0.0000E+00
 42-Mo- 93-M  42093.      1.  0.0000E+00  0.0000E+00
 42-Mo- 93    42093.      0.  0.0000E+00  0.0000E+00
 42-Mo- 94    42094.      0.  2.9998E-14  1.9199E-14
 42-Mo- 95    42095.      0.  4.9396E-12  3.1614E-12
 42-Mo- 96    42096.      0.  5.3296E-10  3.4110E-10
 42-Mo- 97    42097.      0.  2.4898E-08  1.5935E-08
 42-Mo- 98    42098.      0.  9.5793E-07  6.1308E-07
 42-Mo- 99    42099.      0.  4.2814E-04  6.8502E-05
 42-Mo-100    42100.      0.  7.2950E-04  2.3344E-04
 42-Mo-101    42101.      0.  1.8584E-03  2.9734E-04
 42-Mo-102    42102.      0.  6.5073E-03  5.2058E-04
 42-Mo-103    42103.      0.  1.0368E-02  6.2211E-04
 42-Mo-104    42104.      0.  1.1274E-02  6.7647E-04
 42-Mo-105    42105.      0.  6.6802E-03  2.6721E-04
 42-Mo-106    42106.      0.  3.5919E-03  1.4368E-04
 42-Mo-107    42107.      0.  1.2144E-03  7.7723E-04
 42-Mo-108    42108.      0.  3.0204E-04  1.9330E-04
 42-Mo-109    42109.      0.  1.5527E-04  9.9372E-05
 42-Mo-110    42110.      0.  3.8867E-05  2.4875E-05
 42-Mo-111    42111.      0.  2.2790E-06  1.4586E-06
 42-Mo-112    42112.      0.  9.6468E-08  6.1740E-08
 42-Mo-113    42113.      0.  1.1143E-09  7.1316E-10
 42-Mo-114    42114.      0.  4.3997E-11  2.8158E-11
 42-Mo-115    42115.      0.  2.3683E-14  1.5157E-14
 42-Mo-116    42116.      0.  0.0000E+00  0.0000E+00
 42-Mo-117    42117.      0.  2.3222E-16  1.4862E-16
 43-Tc- 93    43093.      0.  0.0000E+00  0.0000E+00
 43-Tc- 95    43095.      0.  0.0000E+00  0.0000E+00
 43-Tc- 95-M  43095.      1.  0.0000E+00  0.0000E+00
 43-Tc- 97-M  43097.      1.  8.7994E-14  5.6316E-14
 43-Tc- 97    43097.      0.  8.7994E-14  5.6316E-14
 43-Tc- 98    43098.      0.  8.8894E-09  5.6892E-09
 43-Tc- 99    43099.      0.  1.2299E-09  7.8714E-10
 43-Tc- 99-M  43099.      1.  2.8898E-10  1.8495E-10
 43-Tc-100    43100.      0.  5.5896E-08  3.5773E-08
 43-Tc-101    43101.      0.  1.6099E-06  1.0303E-06
 43-Tc-102    43102.      0.  9.5543E-05  6.1148E-05
 43-Tc-102-M  43102.      1.  9.5543E-05  6.1148E-05
 43-Tc-103    43103.      0.  8.2168E-04  5.2588E-04
 43-Tc-104    43104.      0.  9.2632E-04  1.4821E-04
 43-Tc-105    43105.      0.  4.8459E-04  3.1013E-04
 43-Tc-106    43106.      0.  2.6767E-04  1.7131E-04
 43-Tc-107    43107.      0.  2.2431E-04  1.4356E-04
 43-Tc-108    43108.      0.  2.3766E-04  1.5210E-04
 43-Tc-109    43109.      0.  1.3444E-04  8.6042E-05
 43-Tc-110    43110.      0.  1.1639E-04  7.4491E-05
 43-Tc-111    43111.      0.  4.4907E-05  2.8740E-05
 43-Tc-112    43112.      0.  6.8595E-06  4.3901E-06
 43-Tc-113    43113.      0.  1.3988E-06  8.9522E-07
 43-Tc-114    43114.      0.  7.0095E-08  4.4861E-08
 43-Tc-115    43115.      0.  9.0199E-10  5.7728E-10
 43-Tc-116    43116.      0.  6.3096E-11  4.0381E-11
 43-Tc-117    43117.      0.  8.8445E-12  5.6604E-12
 43-Tc-118    43118.      0.  5.8872E-15  3.7678E-15
 43-Tc-119    43119.      0.  7.5794E-17  4.8509E-17
 44-Ru- 95    44095.      0.  0.0000E+00  0.0000E+00
 44-Ru- 96    44096.      0.  0.0000E+00  0.0000E+00
 44-Ru- 97    44097.      0.  0.0000E+00  0.0000E+00
 44-Ru- 98    44098.      0.  0.0000E+00  0.0000E+00
 44-Ru- 99    44099.      0.  1.0999E-14  7.0395E-15
 44-Ru-100    44100.      0.  2.1199E-12  1.3567E-12
 44-Ru-101    44101.      0.  1.6199E-10  1.0367E-10
 44-Ru-102    44102.      0.  9.7593E-09  6.2460E-09
 44-Ru-103    44103.      0.  2.3598E-07  1.5103E-07
 44-Ru-104    44104.      0.  3.2698E-06  2.0926E-06
 44-Ru-105    44105.      0.  1.1099E-09  7.1035E-10
 44-Ru-106    44106.      0.  9.0694E-09  5.8044E-09
 44-Ru-107    44107.      0.  4.9397E-08  3.1614E-08
 44-Ru-108    44108.      0.  1.6699E-07  1.0687E-07
 44-Ru-109-M  44109.      1.  8.5644E-06  5.4812E-06
 44-Ru-109    44109.      0.  8.5644E-06  5.4812E-06
 44-Ru-110    44110.      0.  9.8853E-05  6.3266E-05
 44-Ru-111    44111.      0.  1.1825E-04  7.5681E-05
 44-Ru-112    44112.      0.  9.9213E-05  6.3496E-05
 44-Ru-113    44113.      0.  6.0546E-05  3.8749E-05
 44-Ru-114    44114.      0.  1.7259E-05  1.1046E-05
 44-Ru-115    44115.      0.  2.5689E-06  1.6441E-06
 44-Ru-116    44116.      0.  2.4598E-07  1.5743E-07
 44-Ru-117    44117.      0.  2.5189E-08  1.6121E-08
 44-Ru-118    44118.      0.  6.9195E-10  4.4285E-10
 44-Ru-119    44119.      0.  6.5495E-12  4.1917E-12
 44-Ru-120    44120.      0.  3.0298E-12  1.9391E-12
 44-Ru-121    44121.      0.  3.7806E-15  2.4196E-15
 44-Ru-122    44122.      0.  0.0000E+00  0.0000E+00
 44-Ru-124    44124.      0.  0.0000E+00  0.0000E+00
 45-Rh- 99    45099.      0.  0.0000E+00  0.0000E+00
 45-Rh-101    45101.      0.  3.2598E-13  2.0863E-13
 45-Rh-101-M  45101.      1.  0.0000E+00  0.0000E+00
 45-Rh-102    45102.      0.  5.9096E-12  3.7821E-12
 45-Rh-102-M  45102.      1.  4.7297E-12  3.0270E-12
 45-Rh-103    45103.      0.  6.3796E-13  4.0829E-13
 45-Rh-103-M  45103.      1.  4.2697E-12  2.7326E-12
 45-Rh-104    45104.      0.  4.8897E-11  3.1294E-11
 45-Rh-104-M  45104.      1.  1.4699E-10  9.4073E-11
 45-Rh-105    45105.      0.  0.0000E+00  0.0000E+00
 45-Rh-105-M  45105.      1.  0.0000E+00  0.0000E+00
 45-Rh-106    45106.      0.  0.0000E+00  0.0000E+00
 45-Rh-106-M  45106.      1.  0.0000E+00  0.0000E+00
 45-Rh-107    45107.      0.  0.0000E+00  0.0000E+00
 45-Rh-108    45108.      0.  0.0000E+00  0.0000E+00
 45-Rh-108-M  45108.      1.  0.0000E+00  0.0000E+00
 45-Rh-109    45109.      0.  2.0599E-08  1.3183E-08
 45-Rh-109-M  45109.      1.  2.0599E-08  1.3183E-08
 45-Rh-110    45110.      0.  5.6496E-07  3.6157E-07
 45-Rh-110-M  45110.      1.  5.6496E-07  3.6157E-07
 45-Rh-111    45111.      0.  8.7994E-06  5.6316E-06
 45-Rh-112    45112.      0.  2.2958E-05  1.4693E-05
 45-Rh-113    45113.      0.  6.8425E-05  4.3792E-05
 45-Rh-114    45114.      0.  5.0266E-05  3.2171E-05
 45-Rh-115    45115.      0.  3.6287E-05  2.3224E-05
 45-Rh-116    45116.      0.  8.6894E-06  5.5612E-06
 45-Rh-117    45117.      0.  4.6497E-06  2.9758E-06
 45-Rh-118    45118.      0.  3.6297E-07  2.3230E-07
 45-Rh-119    45119.      0.  1.8599E-08  1.1903E-08
 45-Rh-120    45120.      0.  2.3898E-08  1.5295E-08
 45-Rh-121    45121.      0.  1.4399E-10  9.2151E-11
 45-Rh-122    45122.      0.  2.8498E-12  1.8239E-12
 45-Rh-123    45123.      0.  8.5194E-14  5.4524E-14
 45-Rh-124    45124.      0.  1.0399E-14  6.6555E-15
 46-Pd- 99    46099.      0.  0.0000E+00  0.0000E+00
 46-Pd-101    46101.      0.  0.0000E+00  0.0000E+00
 46-Pd-102    46102.      0.  0.0000E+00  0.0000E+00
 46-Pd-103    46103.      0.  0.0000E+00  0.0000E+00
 46-Pd-104    46104.      0.  0.0000E+00  0.0000E+00
 46-Pd-105    46105.      0.  0.0000E+00  0.0000E+00
 46-Pd-106    46106.      0.  0.0000E+00  0.0000E+00
 46-Pd-107    46107.      0.  0.0000E+00  0.0000E+00
 46-Pd-107-M  46107.      1.  0.0000E+00  0.0000E+00
 46-Pd-108    46108.      0.  0.0000E+00  0.0000E+00
 46-Pd-109    46109.      0.  2.9398E-12  1.8815E-12
 46-Pd-109-M  46109.      1.  5.4596E-12  3.4942E-12
 46-Pd-110    46110.      0.  2.1499E-09  1.3759E-09
 46-Pd-111    46111.      0.  2.5398E-08  1.6255E-08
 46-Pd-111-M  46111.      1.  4.7197E-08  3.0206E-08
 46-Pd-112    46112.      0.  1.2799E-06  8.1914E-07
 46-Pd-113    46113.      0.  1.1629E-05  7.4427E-06
 46-Pd-114    46114.      0.  4.1557E-05  2.6597E-05
 46-Pd-115    46115.      0.  7.1285E-05  4.5622E-05
 46-Pd-116    46116.      0.  6.8155E-05  4.3619E-05
 46-Pd-117    46117.      0.  8.7714E-05  5.6137E-05
 46-Pd-118    46118.      0.  3.1778E-05  2.0338E-05
 46-Pd-119    46119.      0.  4.3497E-06  2.7838E-06
 46-Pd-120    46120.      0.  2.7098E-05  1.7343E-05
 46-Pd-121    46121.      0.  4.7297E-07  3.0270E-07
 46-Pd-122    46122.      0.  4.7697E-08  3.0526E-08
 46-Pd-123    46123.      0.  3.9897E-09  2.5534E-09
 46-Pd-124    46124.      0.  2.7298E-09  1.7471E-09
 46-Pd-125    46125.      0.  0.0000E+00  0.0000E+00
 46-Pd-126    46126.      0.  0.0000E+00  0.0000E+00
 46-Pd-127    46127.      0.  0.0000E+00  0.0000E+00
 46-Pd-128    46128.      0.  1.3399E-14  8.5754E-15
 46-Pd-129    46129.      0.  0.0000E+00  0.0000E+00
 46-Pd-130    46130.      0.  6.7895E-13  4.3453E-13
 47-Ag-103    47103.      0.  0.0000E+00  0.0000E+00
 47-Ag-105    47105.      0.  0.0000E+00  0.0000E+00
 47-Ag-105-M  47105.      1.  0.0000E+00  0.0000E+00
 47-Ag-106    47106.      0.  0.0000E+00  0.0000E+00
 47-Ag-106-M  47106.      1.  0.0000E+00  0.0000E+00
 47-Ag-107    47107.      0.  0.0000E+00  0.0000E+00
 47-Ag-107-M  47107.      1.  0.0000E+00  0.0000E+00
 47-Ag-108-M  47108.      1.  0.0000E+00  0.0000E+00
 47-Ag-108    47108.      0.  0.0000E+00  0.0000E+00
 47-Ag-109-M  47109.      1.  0.0000E+00  0.0000E+00
 47-Ag-109    47109.      0.  0.0000E+00  0.0000E+00
 47-Ag-110    47110.      0.  0.0000E+00  0.0000E+00
 47-Ag-110-M  47110.      1.  2.2798E-14  1.4591E-14
 47-Ag-111    47111.      0.  1.2399E-12  7.9354E-13
 47-Ag-111-M  47111.      1.  8.2794E-12  5.2988E-12
 47-Ag-112    47112.      0.  8.2894E-09  5.3052E-09
 47-Ag-113    47113.      0.  5.4196E-09  3.4685E-09
 47-Ag-113-M  47113.      1.  3.6197E-08  2.3166E-08
 47-Ag-114    47114.      0.  9.1694E-06  5.8684E-06
 47-Ag-115    47115.      0.  1.9299E-06  1.2351E-06
 47-Ag-115-M  47115.      1.  1.3699E-05  8.7674E-06
 47-Ag-116    47116.      0.  4.7437E-05  3.0360E-05
 47-Ag-116-M  47116.      1.  7.6495E-06  4.8956E-06
 47-Ag-117    47117.      0.  1.5189E-05  3.4935E-06
 47-Ag-117-M  47117.      1.  1.5189E-05  3.4935E-06
 47-Ag-118    47118.      0.  3.4158E-05  7.8562E-06
 47-Ag-118-M  47118.      1.  2.9928E-05  1.9154E-05
 47-Ag-119    47119.      0.  7.2535E-05  2.3211E-05
 47-Ag-120-M  47120.      1.  4.3747E-06  2.7998E-06
 47-Ag-120    47120.      0.  4.3747E-06  2.7998E-06
 47-Ag-121    47121.      0.  2.5778E-05  1.6498E-05
 47-Ag-122-M  47122.      1.  3.3398E-06  2.1375E-06
 47-Ag-122    47122.      0.  3.3398E-06  2.1375E-06
 47-Ag-123    47123.      0.  2.7498E-06  1.7599E-06
 47-Ag-124    47124.      0.  5.5196E-06  3.5325E-06
 47-Ag-125    47125.      0.  1.6599E-11  1.0623E-11
 47-Ag-126    47126.      0.  4.7497E-12  3.0398E-12
 47-Ag-127    47127.      0.  1.5799E-12  1.0111E-12
 47-Ag-128    47128.      0.  1.1199E-13  7.1675E-14
 47-Ag-129    47129.      0.  2.9186E-17  1.8679E-17
 47-Ag-130    47130.      0.  6.6595E-08  4.2621E-08
 47-Ag-131    47131.      0.  1.5945E-09  1.0205E-09
 48-Cd-105    48105.      0.  0.0000E+00  0.0000E+00
 48-Cd-106    48106.      0.  0.0000E+00  0.0000E+00
 48-Cd-107    48107.      0.  0.0000E+00  0.0000E+00
 48-Cd-108    48108.      0.  0.0000E+00  0.0000E+00
 48-Cd-109    48109.      0.  0.0000E+00  0.0000E+00
 48-Cd-110    48110.      0.  0.0000E+00  0.0000E+00
 48-Cd-111    48111.      0.  0.0000E+00  0.0000E+00
 48-Cd-111-M  48111.      1.  0.0000E+00  0.0000E+00
 48-Cd-112    48112.      0.  1.0599E-11  3.3918E-12
 48-Cd-113    48113.      0.  2.5898E-12  1.6575E-12
 48-Cd-113-M  48113.      1.  8.6794E-12  5.5548E-12
 48-Cd-114    48114.      0.  7.6495E-10  4.8956E-10
 48-Cd-115    48115.      0.  8.9994E-09  2.8798E-09
 48-Cd-115-M  48115.      1.  5.5296E-08  1.7695E-08
 48-Cd-116    48116.      0.  2.9998E-07  1.9199E-07
 48-Cd-117    48117.      0.  1.1199E-06  7.1675E-07
 48-Cd-117-M  48117.      1.  3.7297E-06  2.3870E-06
 48-Cd-118    48118.      0.  1.7149E-05  1.0975E-05
 48-Cd-119    48119.      0.  2.4468E-05  1.5660E-05
 48-Cd-119-M  48119.      1.  2.2488E-05  1.4393E-05
 48-Cd-120    48120.      0.  8.3884E-05  5.3686E-05
 48-Cd-121-M  48121.      1.  3.6192E-05  2.3163E-05
 48-Cd-121    48121.      0.  3.6192E-05  2.3163E-05
 48-Cd-122    48122.      0.  1.1930E-04  7.6353E-05
 48-Cd-123    48123.      0.  1.0101E-04  6.4648E-05
 48-Cd-124    48124.      0.  1.2142E-04  5.4640E-05
 48-Cd-125    48125.      0.  5.5456E-05  3.5492E-05
 48-Cd-126    48126.      0.  8.0784E-05  5.1702E-05
 48-Cd-127    48127.      0.  8.1544E-05  5.2188E-05
 48-Cd-128    48128.      0.  3.5528E-05  2.2738E-05
 48-Cd-129    48129.      0.  7.2395E-09  4.6333E-09
 48-Cd-130    48130.      0.  8.7798E-04  5.6191E-04
 48-Cd-131    48131.      0.  1.3778E-04  8.8178E-05
 48-Cd-132    48132.      0.  0.0000E+00  0.0000E+00
 48-Cd-133    48133.      0.  4.4894E-11  2.8732E-11
 48-Cd-134    48134.      0.  9.3293E-13  5.9708E-13
 48-Cd-136    48136.      0.  0.0000E+00  0.0000E+00
 49-In-107    49107.      0.  0.0000E+00  0.0000E+00
 49-In-109    49109.      0.  0.0000E+00  0.0000E+00
 49-In-111    49111.      0.  0.0000E+00  0.0000E+00
 49-In-112    49112.      0.  0.0000E+00  0.0000E+00
 49-In-112-M  49112.      1.  0.0000E+00  0.0000E+00
 49-In-113    49113.      0.  0.0000E+00  0.0000E+00
 49-In-113-M  49113.      1.  0.0000E+00  0.0000E+00
 49-In-114    49114.      0.  0.0000E+00  0.0000E+00
 49-In-114-M  49114.      1.  0.0000E+00  0.0000E+00
 49-In-115    49115.      0.  1.6299E-12  1.0431E-12
 49-In-115-M  49115.      1.  3.8197E-13  2.4446E-13
 49-In-116-N  49116.      2.  2.5665E-11  1.6425E-11
 49-In-116    49116.      0.  2.5665E-11  1.6425E-11
 49-In-116-M  49116.      1.  2.5665E-11  1.6425E-11
 49-In-117    49117.      0.  3.6597E-09  2.3422E-09
 49-In-117-M  49117.      1.  8.5894E-10  5.4972E-10
 49-In-118-N  49118.      2.  8.4494E-09  5.4076E-09
 49-In-118    49118.      0.  5.0596E-08  3.2382E-08
 49-In-118-M  49118.      1.  8.4494E-09  5.4076E-09
 49-In-119    49119.      0.  4.7197E-06  1.5103E-06
 49-In-119-M  49119.      1.  1.5899E-07  1.0175E-07
 49-In-120-N  49120.      2.  2.0999E-06  1.3439E-06
 49-In-120    49120.      0.  2.0999E-06  1.3439E-06
 49-In-120-M  49120.      1.  2.0999E-06  1.3439E-06
 49-In-121    49121.      0.  2.4718E-05  7.9098E-06
 49-In-121-M  49121.      1.  3.2398E-06  2.0735E-06
 49-In-122-N  49122.      2.  8.3794E-06  5.3628E-06
 49-In-122    49122.      0.  8.3794E-06  5.3628E-06
 49-In-122-M  49122.      1.  8.3794E-06  5.3628E-06
 49-In-123    49123.      0.  3.9107E-05  2.5029E-05
 49-In-123-M  49123.      1.  2.5098E-06  1.6063E-06
 49-In-124-M  49124.      1.  1.6954E-05  1.0850E-05
 49-In-124    49124.      0.  1.6954E-05  1.0850E-05
 49-In-125    49125.      0.  4.7227E-05  1.5112E-05
 49-In-125-M  49125.      1.  4.7227E-05  1.5112E-05
 49-In-126-M  49126.      1.  1.6479E-05  1.0546E-05
 49-In-126    49126.      0.  1.6479E-05  1.0546E-05
 49-In-127    49127.      0.  4.1169E-04  1.3174E-04
 49-In-127-M  49127.      1.  6.2546E-05  2.8145E-05
 49-In-128-M  49128.      1.  1.3147E-04  8.4141E-05
 49-In-128    49128.      0.  1.3147E-04  8.4141E-05
 49-In-129    49129.      0.  2.7538E-04  1.2392E-04
 49-In-129-M  49129.      1.  2.5341E-04  1.6218E-04
 49-In-130-N  49130.      2.  3.1401E-05  2.0097E-05
 49-In-130-M  49130.      1.  3.1401E-05  2.0097E-05
 49-In-130    49130.      0.  3.1401E-05  2.0097E-05
 49-In-131-M  49131.      1.  5.5596E-05  3.5581E-05
 49-In-131    49131.      0.  5.5596E-05  3.5581E-05
 49-In-132    49132.      0.  6.2266E-05  1.9925E-05
 49-In-133    49133.      0.  1.7098E-06  1.0943E-06
 49-In-134    49134.      0.  3.4697E-08  2.2206E-08
 49-In-135    49135.      0.  7.2554E-11  4.6435E-11
 49-In-136    49136.      0.  1.6799E-12  1.0751E-12
 49-In-137    49137.      0.  2.1523E-12  1.3775E-12
 50-Sn-111    50111.      0.  0.0000E+00  0.0000E+00
 50-Sn-112    50112.      0.  0.0000E+00  0.0000E+00
 50-Sn-113-M  50113.      1.  0.0000E+00  0.0000E+00
 50-Sn-113    50113.      0.  0.0000E+00  0.0000E+00
 50-Sn-114    50114.      0.  0.0000E+00  0.0000E+00
 50-Sn-115    50115.      0.  0.0000E+00  0.0000E+00
 50-Sn-116    50116.      0.  0.0000E+00  0.0000E+00
 50-Sn-117-M  50117.      1.  2.4948E-13  1.5967E-13
 50-Sn-117    50117.      0.  2.4948E-13  1.5967E-13
 50-Sn-118    50118.      0.  4.0997E-11  2.6238E-11
 50-Sn-119    50119.      0.  3.3998E-10  2.1759E-10
 50-Sn-119-M  50119.      1.  1.1399E-09  7.2955E-10
 50-Sn-120    50120.      0.  2.9998E-08  1.9199E-08
 50-Sn-121    50121.      0.  3.5798E-06  2.2910E-06
 50-Sn-121-M  50121.      1.  2.7898E-07  1.7855E-07
 50-Sn-122    50122.      0.  3.6497E-06  2.3358E-06
 50-Sn-123    50123.      0.  8.0394E-06  3.6177E-06
 50-Sn-123-M  50123.      1.  3.0998E-06  9.9193E-07
 50-Sn-124    50124.      0.  1.0691E-04  6.8424E-05
 50-Sn-125    50125.      0.  8.5424E-05  6.8339E-06
 50-Sn-125-M  50125.      1.  1.0457E-04  1.6732E-05
 50-Sn-126    50126.      0.  4.4470E-04  2.8461E-04
 50-Sn-127    50127.      0.  8.6671E-04  5.2002E-05
 50-Sn-127-M  50127.      1.  7.9174E-05  5.0672E-05
 50-Sn-128-M  50128.      1.  1.5049E-03  9.6314E-04
 50-Sn-128    50128.      0.  1.5049E-03  9.6314E-04
 50-Sn-129    50129.      0.  2.3031E-03  2.5335E-04
 50-Sn-129-M  50129.      1.  1.9586E-03  1.1752E-04
 50-Sn-130-M  50130.      1.  5.4224E-03  3.4703E-03
 50-Sn-130    50130.      0.  5.4224E-03  3.4703E-03
 50-Sn-131-M  50131.      1.  4.4050E-03  2.8192E-03
 50-Sn-131    50131.      0.  4.4050E-03  2.8192E-03
 50-Sn-132    50132.      0.  5.9182E-03  2.3673E-04
 50-Sn-133    50133.      0.  1.3772E-03  8.8141E-04
 50-Sn-134    50134.      0.  1.7693E-04  1.1323E-04
 50-Sn-135    50135.      0.  6.2695E-06  4.0125E-06
 50-Sn-136    50136.      0.  1.5699E-07  1.0047E-07
 50-Sn-137    50137.      0.  1.8599E-07  1.1903E-07
 50-Sn-138    50138.      0.  3.2898E-11  2.1055E-11
 50-Sn-139    50139.      0.  3.6755E-13  2.3524E-13
 51-Sb-113    51113.      0.  0.0000E+00  0.0000E+00
 51-Sb-115    51115.      0.  0.0000E+00  0.0000E+00
 51-Sb-117    51117.      0.  0.0000E+00  0.0000E+00
 51-Sb-118    51118.      0.  0.0000E+00  0.0000E+00
 51-Sb-118-M  51118.      1.  0.0000E+00  0.0000E+00
 51-Sb-119    51119.      0.  3.8897E-14  2.4894E-14
 51-Sb-120    51120.      0.  9.0294E-13  5.7788E-13
 51-Sb-120-M  51120.      1.  1.2999E-12  8.3194E-13
 51-Sb-121    51121.      0.  3.5298E-11  1.1295E-11
 51-Sb-122    51122.      0.  1.8399E-09  1.1775E-09
 51-Sb-122-M  51122.      1.  2.0799E-09  1.3311E-09
 51-Sb-123    51123.      0.  5.1696E-08  3.3086E-08
 51-Sb-124-N  51124.      2.  1.2099E-08  7.7435E-09
 51-Sb-124    51124.      0.  7.6095E-08  4.8701E-08
 51-Sb-124-M  51124.      1.  1.2099E-08  7.7435E-09
 51-Sb-125    51125.      0.  2.7398E-07  1.7535E-07
 51-Sb-126-N  51126.      2.  8.5944E-06  5.5004E-06
 51-Sb-126    51126.      0.  6.5095E-06  4.1661E-06
 51-Sb-126-M  51126.      1.  8.5944E-06  5.5004E-06
 51-Sb-127    51127.      0.  7.0895E-05  1.6306E-05
 51-Sb-128    51128.      0.  1.0667E-04  6.8270E-05
 51-Sb-128-M  51128.      1.  6.3655E-05  4.0739E-05
 51-Sb-129    51129.      0.  6.4068E-04  2.8831E-04
 51-Sb-130    51130.      0.  2.1451E-03  1.3729E-03
 51-Sb-130-M  51130.      1.  3.5675E-03  2.2832E-03
 51-Sb-131    51131.      0.  1.6507E-02  6.6027E-04
 51-Sb-132    51132.      0.  1.3035E-02  7.8209E-04
 51-Sb-132-M  51132.      1.  8.6277E-03  5.1766E-04
 51-Sb-133    51133.      0.  2.2566E-02  1.3539E-03
 51-Sb-134-M  51134.      1.  3.5825E-03  2.2928E-03
 51-Sb-134    51134.      0.  3.5825E-03  2.2928E-03
 51-Sb-135    51135.      0.  1.4514E-03  1.1611E-04
 51-Sb-136    51136.      0.  1.1489E-04  7.3531E-05
 51-Sb-137    51137.      0.  7.4331E-04  4.7572E-04
 51-Sb-138    51138.      0.  3.9197E-07  2.5086E-07
 51-Sb-139    51139.      0.  1.3999E-08  8.9591E-09
 51-Sb-140    51140.      0.  1.4389E-09  9.2088E-10
 51-Sb-141    51141.      0.  3.7504E-12  2.4003E-12
 51-Sb-142    51142.      0.  1.7611E-13  1.1271E-13
 52-Te-115    52115.      0.  0.0000E+00  0.0000E+00
 52-Te-117    52117.      0.  0.0000E+00  0.0000E+00
 52-Te-118    52118.      0.  0.0000E+00  0.0000E+00
 52-Te-119    52119.      0.  0.0000E+00  0.0000E+00
 52-Te-120    52120.      0.  0.0000E+00  0.0000E+00
 52-Te-121-M  52121.      1.  0.0000E+00  0.0000E+00
 52-Te-121    52121.      0.  0.0000E+00  0.0000E+00
 52-Te-122    52122.      0.  6.0996E-13  3.9037E-13
 52-Te-123    52123.      0.  5.1396E-12  3.2894E-12
 52-Te-123-M  52123.      1.  1.7199E-11  1.1007E-11
 52-Te-124    52124.      0.  3.4198E-09  2.1886E-09
 52-Te-125    52125.      0.  6.8795E-14  4.4029E-14
 52-Te-125-M  52125.      1.  2.2998E-13  1.4719E-13
 52-Te-126    52126.      0.  8.2494E-12  5.2796E-12
 52-Te-127    52127.      0.  9.9193E-11  6.3484E-11
 52-Te-127-M  52127.      1.  2.4298E-10  1.5551E-10
 52-Te-128    52128.      0.  1.7199E-06  5.5036E-07
 52-Te-129    52129.      0.  5.7296E-08  3.6669E-08
 52-Te-129-M  52129.      1.  1.3999E-07  8.9594E-08
 52-Te-130    52130.      0.  5.7872E-04  9.2595E-05
 52-Te-131    52131.      0.  9.6990E-04  1.0669E-04
 52-Te-131-M  52131.      1.  2.3333E-03  1.8666E-04
 52-Te-132    52132.      0.  1.5308E-02  9.1850E-04
 52-Te-133    52133.      0.  1.1481E-02  6.8888E-04
 52-Te-133-M  52133.      1.  2.9861E-02  1.7916E-03
 52-Te-134    52134.      0.  6.2155E-02  2.4862E-03
 52-Te-135    52135.      0.  3.2162E-02  1.9297E-03
 52-Te-136    52136.      0.  1.3173E-02  1.0539E-03
 52-Te-137    52137.      0.  3.9239E-03  3.1391E-04
 52-Te-138    52138.      0.  6.6182E-04  4.2357E-04
 52-Te-139    52139.      0.  6.6635E-05  4.2647E-05
 52-Te-140    52140.      0.  1.6912E-04  1.0823E-04
 52-Te-141    52141.      0.  3.2407E-07  2.0741E-07
 52-Te-142    52142.      0.  2.0698E-08  1.3247E-08
 52-Te-143    52143.      0.  4.8809E-12  3.1238E-12
 52-Te-144    52144.      0.  5.5767E-13  3.5691E-13
 53-I -121    53121.      0.  0.0000E+00  0.0000E+00
 53-I -123    53123.      0.  0.0000E+00  0.0000E+00
 53-I -125    53125.      0.  0.0000E+00  0.0000E+00
 53-I -126    53126.      0.  1.6999E-12  1.0879E-12
 53-I -127    53127.      0.  0.0000E+00  0.0000E+00
 53-I -128    53128.      0.  1.0399E-08  6.6555E-09
 53-I -129    53129.      0.  0.0000E+00  0.0000E+00
 53-I -130    53130.      0.  1.5499E-06  9.9193E-07
 53-I -130-M  53130.      1.  6.6595E-07  4.2621E-07
 53-I -131    53131.      0.  3.9157E-05  4.3073E-06
 53-I -132-M  53132.      1.  9.1309E-05  5.8438E-05
 53-I -132    53132.      0.  9.1309E-05  5.8438E-05
 53-I -133-M  53133.      1.  8.2512E-04  5.2808E-04
 53-I -133    53133.      0.  8.2512E-04  5.2808E-04
 53-I -134    53134.      0.  5.0024E-03  3.0014E-04
 53-I -134-M  53134.      1.  3.6418E-03  2.3308E-03
 53-I -135    53135.      0.  2.9274E-02  8.1966E-04
 53-I -136    53136.      0.  1.3194E-02  1.0555E-03
 53-I -136-M  53136.      1.  1.2513E-02  7.5075E-04
 53-I -137    53137.      0.  2.6224E-02  1.0490E-03
 53-I -138    53138.      0.  1.4241E-02  3.9875E-04
 53-I -139    53139.      0.  7.7143E-03  6.1714E-04
 53-I -140    53140.      0.  1.3675E-03  3.1452E-04
 53-I -141    53141.      0.  4.0681E-04  9.3566E-05
 53-I -142    53142.      0.  5.8566E-05  3.7482E-05
 53-I -143    53143.      0.  1.8590E-07  1.1897E-07
 53-I -144    53144.      0.  1.5615E-08  9.9937E-09
 53-I -145    53145.      0.  8.2853E-12  5.3026E-12
 53-I -146    53146.      0.  9.0180E-13  5.7715E-13
 53-I -147    53147.      0.  2.0634E-13  1.3206E-13
 54-Xe-124    54124.      0.  0.0000E+00  0.0000E+00
 54-Xe-125-M  54125.      1.  0.0000E+00  0.0000E+00
 54-Xe-125    54125.      0.  0.0000E+00  0.0000E+00
 54-Xe-126    54126.      0.  0.0000E+00  0.0000E+00
 54-Xe-127-M  54127.      1.  0.0000E+00  0.0000E+00
 54-Xe-127    54127.      0.  0.0000E+00  0.0000E+00
 54-Xe-128    54128.      0.  8.3294E-13  2.6654E-13
 54-Xe-129-M  54129.      1.  0.0000E+00  0.0000E+00
 54-Xe-129    54129.      0.  0.0000E+00  0.0000E+00
 54-Xe-130    54130.      0.  1.9699E-10  6.3036E-11
 54-Xe-131    54131.      0.  1.4199E-09  9.0874E-10
 54-Xe-131-M  54131.      1.  3.4798E-09  2.2270E-09
 54-Xe-132    54132.      0.  4.2197E-07  2.7006E-07
 54-Xe-133    54133.      0.  6.6595E-06  3.9957E-07
 54-Xe-133-M  54133.      1.  1.8859E-05  1.2070E-05
 54-Xe-134    54134.      0.  1.0548E-04  6.7509E-05
 54-Xe-134-M  54134.      1.  2.4612E-04  1.5752E-04
 54-Xe-135    54135.      0.  7.8513E-04  4.7107E-05
 54-Xe-135-M  54135.      1.  1.7812E-03  1.0687E-04
 54-Xe-136    54136.      0.  2.1924E-02  9.8659E-03
 54-Xe-137    54137.      0.  3.1942E-02  8.9438E-04
 54-Xe-138    54138.      0.  4.8141E-02  1.3480E-03
 54-Xe-139    54139.      0.  4.3233E-02  8.6466E-04
 54-Xe-140    54140.      0.  3.5058E-02  9.8161E-04
 54-Xe-141    54141.      0.  1.2191E-02  3.4136E-04
 54-Xe-142    54142.      0.  4.3417E-03  2.6050E-04
 54-Xe-143-M  54143.      1.  2.6472E-04  1.6942E-04
 54-Xe-143    54143.      0.  2.6472E-04  1.6942E-04
 54-Xe-144    54144.      0.  6.0490E-05  3.8714E-05
 54-Xe-145    54145.      0.  7.1594E-07  4.5820E-07
 54-Xe-146    54146.      0.  1.0599E-07  6.7835E-08
 54-Xe-147    54147.      0.  1.7830E-08  1.1411E-08
 54-Xe-148    54148.      0.  1.0999E-11  7.0395E-12
 54-Xe-149    54149.      0.  9.5193E-14  6.0924E-14
 54-Xe-150    54150.      0.  0.0000E+00  0.0000E+00
 55-Cs-127    55127.      0.  0.0000E+00  0.0000E+00
 55-Cs-129    55129.      0.  0.0000E+00  0.0000E+00
 55-Cs-131    55131.      0.  2.5398E-14  1.6255E-14
 55-Cs-132    55132.      0.  7.3795E-10  4.7229E-10
 55-Cs-133    55133.      0.  7.9194E-09  2.5342E-09
 55-Cs-134-M  55134.      1.  3.8547E-08  2.4670E-08
 55-Cs-134    55134.      0.  3.8547E-08  2.4670E-08
 55-Cs-135-M  55135.      1.  2.4548E-06  1.5711E-06
 55-Cs-135    55135.      0.  2.4548E-06  1.5711E-06
 55-Cs-136-M  55136.      1.  2.7688E-05  1.7720E-05
 55-Cs-136    55136.      0.  2.7688E-05  1.7720E-05
 55-Cs-137    55137.      0.  5.9999E-04  6.5999E-05
 55-Cs-138    55138.      0.  2.4320E-03  2.6751E-04
 55-Cs-138-M  55138.      1.  2.2337E-03  2.4571E-04
 55-Cs-139    55139.      0.  1.3059E-02  5.2235E-04
 55-Cs-140    55140.      0.  2.0699E-02  5.7957E-04
 55-Cs-141    55141.      0.  2.9151E-02  5.8302E-04
 55-Cs-142    55142.      0.  2.2781E-02  6.3787E-04
 55-Cs-143    55143.      0.  1.4030E-02  5.6118E-04
 55-Cs-144    55144.      0.  4.1768E-03  2.5061E-04
 55-Cs-145    55145.      0.  7.5619E-04  6.0495E-05
 55-Cs-146    55146.      0.  7.6405E-05  8.4045E-06
 55-Cs-147    55147.      0.  2.2382E-05  1.4324E-05
 55-Cs-148    55148.      0.  1.3099E-07  8.3834E-08
 55-Cs-149    55149.      0.  3.6255E-09  2.3203E-09
 55-Cs-150    55150.      0.  1.9899E-11  1.2735E-11
 55-Cs-151    55151.      0.  9.4690E-14  6.0602E-14
 55-Cs-152    55152.      0.  1.2676E-15  8.1128E-16
 56-Ba-129    56129.      0.  0.0000E+00  0.0000E+00
 56-Ba-131    56131.      0.  0.0000E+00  0.0000E+00
 56-Ba-132    56132.      0.  0.0000E+00  0.0000E+00
 56-Ba-133    56133.      0.  1.0399E-14  6.6555E-15
 56-Ba-134    56134.      0.  5.2596E-12  3.3662E-12
 56-Ba-135-M  56135.      1.  3.8197E-10  2.4446E-10
 56-Ba-135    56135.      0.  3.8197E-10  2.4446E-10
 56-Ba-136-M  56136.      1.  2.3648E-08  1.5135E-08
 56-Ba-136    56136.      0.  2.3648E-08  1.5135E-08
 56-Ba-137    56137.      0.  5.4296E-07  3.4749E-07
 56-Ba-137-M  56137.      1.  1.3299E-06  8.5114E-07
 56-Ba-138    56138.      0.  4.1157E-05  2.6340E-05
 56-Ba-139    56139.      0.  6.8768E-04  3.0946E-04
 56-Ba-140    56140.      0.  4.8836E-03  1.1232E-03
 56-Ba-141    56141.      0.  1.6595E-02  1.8254E-03
 56-Ba-142    56142.      0.  3.0142E-02  1.8085E-03
 56-Ba-143    56143.      0.  4.1004E-02  1.6402E-03
 56-Ba-144    56144.      0.  3.9748E-02  1.1129E-03
 56-Ba-145    56145.      0.  1.8662E-02  1.1197E-03
 56-Ba-146    56146.      0.  9.1383E-03  3.6553E-04
 56-Ba-147    56147.      0.  2.4364E-03  3.8982E-04
 56-Ba-148    56148.      0.  2.2184E-04  1.4198E-04
 56-Ba-149    56149.      0.  1.0326E-05  6.6084E-06
 56-Ba-150    56150.      0.  5.0197E-07  3.2126E-07
 56-Ba-151    56151.      0.  8.1823E-09  5.2366E-09
 56-Ba-152    56152.      0.  1.4899E-10  9.5352E-11
 56-Ba-153    56153.      0.  3.7281E-13  2.3860E-13
 56-Ba-154    56154.      0.  0.0000E+00  0.0000E+00
 57-La-133    57133.      0.  0.0000E+00  0.0000E+00
 57-La-135    57135.      0.  0.0000E+00  0.0000E+00
 57-La-137    57137.      0.  6.9295E-11  4.4349E-11
 57-La-138    57138.      0.  3.1798E-07  2.0351E-07
 57-La-139    57139.      0.  2.2698E-07  1.4527E-07
 57-La-140    57140.      0.  5.2156E-05  3.3380E-05
 57-La-141    57141.      0.  1.8491E-04  2.9585E-05
 57-La-142    57142.      0.  9.6517E-04  3.0886E-04
 57-La-143    57143.      0.  3.7948E-03  2.4287E-03
 57-La-144    57144.      0.  1.0697E-02  6.4185E-04
 57-La-145    57145.      0.  1.9150E-02  1.5320E-03
 57-La-146-M  57146.      1.  7.4494E-03  4.7676E-03
 57-La-146    57146.      0.  7.4494E-03  4.7676E-03
 57-La-147    57147.      0.  6.4327E-03  7.0759E-04
 57-La-148    57148.      0.  3.3629E-03  2.1522E-03
 57-La-149    57149.      0.  7.9875E-04  5.1120E-04
 57-La-150    57150.      0.  1.0422E-04  6.6703E-05
 57-La-151    57151.      0.  1.0271E-05  6.5735E-06
 57-La-152    57152.      0.  4.5297E-07  2.8990E-07
 57-La-153    57153.      0.  1.4199E-08  9.0871E-09
 57-La-154    57154.      0.  1.4599E-10  9.3433E-11
 57-La-155    57155.      0.  2.9508E-13  1.8885E-13
 57-La-156    57156.      0.  4.8748E-15  3.1199E-15
 57-La-157    57157.      0.  5.3114E-17  3.3993E-17
 58-Ce-135    58135.      0.  0.0000E+00  0.0000E+00
 58-Ce-137    58137.      0.  0.0000E+00  0.0000E+00
 58-Ce-138    58138.      0.  4.7497E-12  3.0398E-12
 58-Ce-139    58139.      0.  2.8698E-12  1.8367E-12
 58-Ce-139-M  58139.      1.  7.0295E-12  4.4989E-12
 58-Ce-140    58140.      0.  1.1499E-09  7.3595E-10
 58-Ce-141    58141.      0.  4.9896E-08  3.1934E-08
 58-Ce-142    58142.      0.  1.7599E-06  1.1263E-06
 58-Ce-143    58143.      0.  3.1335E-04  3.4468E-05
 58-Ce-144    58144.      0.  3.4546E-04  2.2109E-04
 58-Ce-145    58145.      0.  8.5438E-04  5.4680E-04
 58-Ce-146    58146.      0.  5.8293E-03  6.4123E-04
 58-Ce-147    58147.      0.  9.9797E-03  1.0978E-03
 58-Ce-148    58148.      0.  1.2355E-02  2.8416E-03
 58-Ce-149    58149.      0.  6.9791E-03  1.1166E-03
 58-Ce-150    58150.      0.  3.9176E-03  2.5073E-03
 58-Ce-151    58151.      0.  9.9025E-04  6.3376E-04
 58-Ce-152    58152.      0.  2.0536E-04  1.3143E-04
 58-Ce-153    58153.      0.  1.7049E-05  1.0911E-05
 58-Ce-154    58154.      0.  9.1194E-07  5.8364E-07
 58-Ce-155    58155.      0.  2.5498E-08  1.6319E-08
 58-Ce-156    58156.      0.  5.7296E-10  3.6669E-10
 58-Ce-157    58157.      0.  4.5896E-12  2.9374E-12
 58-Ce-158    58158.      0.  3.8697E-14  2.4766E-14
 58-Ce-159    58159.      0.  1.2812E-16  8.1996E-17
 58-Ce-160    58160.      0.  0.0000E+00  0.0000E+00
 59-Pr-139    59139.      0.  0.0000E+00  0.0000E+00
 59-Pr-140    59140.      0.  0.0000E+00  0.0000E+00
 59-Pr-141    59141.      0.  4.6897E-13  3.0014E-13
 59-Pr-142-M  59142.      1.  2.3148E-11  1.4815E-11
 59-Pr-142    59142.      0.  2.3148E-11  1.4815E-11
 59-Pr-143    59143.      0.  4.4997E-09  2.8798E-09
 59-Pr-144    59144.      0.  1.4299E-08  9.1513E-09
 59-Pr-144-M  59144.      1.  1.2799E-07  8.1914E-08
 59-Pr-145    59145.      0.  3.3298E-06  2.1310E-06
 59-Pr-146    59146.      0.  3.6237E-05  2.3192E-05
 59-Pr-147    59147.      0.  3.5955E-03  2.3011E-03
 59-Pr-148-M  59148.      1.  3.8861E-04  2.4871E-04
 59-Pr-148    59148.      0.  3.8861E-04  2.4871E-04
 59-Pr-149    59149.      0.  2.9682E-03  9.4981E-04
 59-Pr-150    59150.      0.  2.1834E-03  1.3974E-03
 59-Pr-151    59151.      0.  2.3856E-03  1.5268E-03
 59-Pr-152    59152.      0.  1.0255E-03  6.5634E-04
 59-Pr-153    59153.      0.  3.6744E-04  2.3516E-04
 59-Pr-154    59154.      0.  5.0207E-05  3.2132E-05
 59-Pr-155    59155.      0.  6.7295E-06  4.3069E-06
 59-Pr-156    59156.      0.  4.0697E-07  2.6046E-07
 59-Pr-157    59157.      0.  1.6499E-08  1.0559E-08
 59-Pr-158    59158.      0.  3.7497E-10  2.3998E-10
 59-Pr-159    59159.      0.  4.8795E-12  3.1229E-12
 59-Pr-160    59160.      0.  2.8198E-14  1.8047E-14
 59-Pr-161    59161.      0.  7.1282E-17  4.5620E-17
 59-Pr-162    59162.      0.  2.9606E-19  1.8948E-19
 60-Nd-140    60140.      0.  0.0000E+00  0.0000E+00
 60-Nd-141    60141.      0.  0.0000E+00  0.0000E+00
 60-Nd-142    60142.      0.  0.0000E+00  0.0000E+00
 60-Nd-143    60143.      0.  4.7997E-14  3.0718E-14
 60-Nd-144    60144.      0.  9.5693E-11  1.0526E-11
 60-Nd-145    60145.      0.  5.5496E-10  3.5518E-10
 60-Nd-146    60146.      0.  3.1898E-08  2.0415E-08
 60-Nd-147    60147.      0.  6.7195E-07  4.3005E-07
 60-Nd-148    60148.      0.  9.9293E-06  6.3547E-06
 60-Nd-149    60149.      0.  6.8075E-05  4.3568E-05
 60-Nd-150    60150.      0.  3.2723E-04  2.0942E-04
 60-Nd-151    60151.      0.  7.9511E-04  5.0887E-04
 60-Nd-152    60152.      0.  1.4098E-03  6.3443E-04
 60-Nd-153    60153.      0.  1.1095E-03  4.9926E-04
 60-Nd-154    60154.      0.  5.8022E-04  3.7134E-04
 60-Nd-155    60155.      0.  1.7538E-04  1.1224E-04
 60-Nd-156    60156.      0.  4.7017E-05  3.0091E-05
 60-Nd-157    60157.      0.  4.8497E-06  3.1038E-06
 60-Nd-158    60158.      0.  5.1896E-07  3.3214E-07
 60-Nd-159    60159.      0.  1.7699E-08  1.1327E-08
 60-Nd-160    60160.      0.  5.0396E-10  3.2254E-10
 60-Nd-161    60161.      0.  6.1595E-12  3.9421E-12
 60-Nd-162    60162.      0.  3.4797E-14  2.2270E-14
 60-Nd-163    60163.      0.  0.0000E+00  0.0000E+00
 60-Nd-164    60164.      0.  0.0000E+00  0.0000E+00
 61-Pm-141    61141.      0.  0.0000E+00  0.0000E+00
 61-Pm-143    61143.      0.  0.0000E+00  0.0000E+00
 61-Pm-144    61144.      0.  0.0000E+00  0.0000E+00
 61-Pm-145    61145.      0.  0.0000E+00  0.0000E+00
 61-Pm-146    61146.      0.  4.4997E-12  2.8798E-12
 61-Pm-147    61147.      0.  2.4898E-11  1.5935E-11
 61-Pm-148    61148.      0.  4.4497E-11  2.8478E-11
 61-Pm-148-M  61148.      1.  8.0994E-11  5.1836E-11
 61-Pm-149    61149.      0.  3.8697E-08  2.4766E-08
 61-Pm-150    61150.      0.  2.9998E-07  1.9199E-07
 61-Pm-151    61151.      0.  6.4196E-06  4.1085E-06
 61-Pm-152-N  61152.      2.  9.2793E-06  5.9388E-06
 61-Pm-152    61152.      0.  9.2793E-06  5.9388E-06
 61-Pm-152-M  61152.      1.  9.2793E-06  5.9388E-06
 61-Pm-153    61153.      0.  8.8004E-05  5.6322E-05
 61-Pm-154    61154.      0.  5.4136E-05  3.4647E-05
 61-Pm-154-M  61154.      1.  5.4136E-05  3.4647E-05
 61-Pm-155    61155.      0.  1.2609E-04  8.0698E-05
 61-Pm-156    61156.      0.  7.0635E-05  4.5206E-05
 61-Pm-157    61157.      0.  2.9338E-05  1.8776E-05
 61-Pm-158    61158.      0.  7.0595E-06  4.5181E-06
 61-Pm-159    61159.      0.  1.0599E-06  6.7835E-07
 61-Pm-160    61160.      0.  7.5495E-08  4.8317E-08
 61-Pm-161    61161.      0.  4.3997E-09  2.8158E-09
 61-Pm-162    61162.      0.  6.7995E-11  4.3517E-11
 61-Pm-163    61163.      0.  1.8199E-12  1.1647E-12
 61-Pm-164    61164.      0.  1.6599E-14  1.0623E-14
 61-Pm-165    61165.      0.  0.0000E+00  0.0000E+00
 61-Pm-166    61166.      0.  5.4704E-19  3.5010E-19
 62-Sm-143    62143.      0.  0.0000E+00  0.0000E+00
 62-Sm-143-M  62143.      1.  0.0000E+00  0.0000E+00
 62-Sm-144    62144.      0.  0.0000E+00  0.0000E+00
 62-Sm-145    62145.      0.  0.0000E+00  0.0000E+00
 62-Sm-146    62146.      0.  0.0000E+00  0.0000E+00
 62-Sm-147    62147.      0.  0.0000E+00  0.0000E+00
 62-Sm-148    62148.      0.  1.6399E-14  1.0495E-14
 62-Sm-149    62149.      0.  1.7099E-12  1.0943E-12
 62-Sm-150    62150.      0.  1.2199E-10  7.8074E-11
 62-Sm-151    62151.      0.  4.7497E-09  3.0398E-09
 62-Sm-152    62152.      0.  9.6493E-08  6.1756E-08
 62-Sm-153    62153.      0.  8.0094E-07  5.1260E-07
 62-Sm-154    62154.      0.  4.7297E-06  3.0270E-06
 62-Sm-155    62155.      0.  1.3099E-05  8.3834E-06
 62-Sm-156    62156.      0.  3.0308E-05  1.9397E-05
 62-Sm-157    62157.      0.  2.6668E-05  1.7068E-05
 62-Sm-158    62158.      0.  2.3978E-05  1.5346E-05
 62-Sm-159    62159.      0.  7.4195E-06  4.7485E-06
 62-Sm-160    62160.      0.  2.1098E-06  1.3503E-06
 62-Sm-161    62161.      0.  2.8298E-07  1.8111E-07
 62-Sm-162    62162.      0.  2.0299E-08  1.2991E-08
 62-Sm-163    62163.      0.  1.3699E-09  8.7674E-10
 62-Sm-164    62164.      0.  6.0396E-11  3.8653E-11
 62-Sm-165    62165.      0.  2.5498E-12  1.6319E-12
 62-Sm-166    62166.      0.  6.4295E-14  4.1149E-14
 62-Sm-167    62167.      0.  0.0000E+00  0.0000E+00
 62-Sm-168    62168.      0.  0.0000E+00  0.0000E+00
 62-Sm-170    62170.      0.  0.0000E+00  0.0000E+00
 63-Eu-147    63147.      0.  0.0000E+00  0.0000E+00
 63-Eu-149    63149.      0.  0.0000E+00  0.0000E+00
 63-Eu-151    63151.      0.  2.4898E-12  7.9674E-13
 63-Eu-152-N  63152.      2.  9.0660E-13  5.8023E-13
 63-Eu-152    63152.      0.  9.0660E-13  5.8023E-13
 63-Eu-152-M  63152.      1.  9.0660E-13  5.8023E-13
 63-Eu-153    63153.      0.  2.3298E-09  7.4555E-10
 63-Eu-154-M  63154.      1.  9.6993E-10  6.2076E-10
 63-Eu-154    63154.      0.  9.6993E-10  6.2076E-10
 63-Eu-155    63155.      0.  2.6298E-08  1.6831E-08
 63-Eu-156    63156.      0.  1.6199E-07  1.0367E-07
 63-Eu-157    63157.      0.  6.3495E-07  4.0637E-07
 63-Eu-158    63158.      0.  1.2799E-06  8.1914E-07
 63-Eu-159    63159.      0.  1.5599E-06  9.9833E-07
 63-Eu-160    63160.      0.  9.0294E-07  5.7788E-07
 63-Eu-161    63161.      0.  4.5397E-07  2.9054E-07
 63-Eu-162    63162.      0.  6.9895E-08  4.4733E-08
 63-Eu-163    63163.      0.  1.9399E-08  1.2415E-08
 63-Eu-164    63164.      0.  2.0099E-09  1.2863E-09
 63-Eu-165    63165.      0.  3.8697E-10  2.4766E-10
 63-Eu-166    63166.      0.  2.4998E-11  1.5999E-11
 63-Eu-167    63167.      0.  2.2398E-12  1.4335E-12
 63-Eu-168    63168.      0.  2.8498E-14  1.8239E-14
 63-Eu-169    63169.      0.  0.0000E+00  0.0000E+00
 63-Eu-170    63170.      0.  0.0000E+00  0.0000E+00
 64-Gd-147    64147.      0.  0.0000E+00  0.0000E+00
 64-Gd-149    64149.      0.  0.0000E+00  0.0000E+00
 64-Gd-151    64151.      0.  0.0000E+00  0.0000E+00
 64-Gd-152    64152.      0.  0.0000E+00  0.0000E+00
 64-Gd-153    64153.      0.  0.0000E+00  0.0000E+00
 64-Gd-154    64154.      0.  1.1199E-13  7.1675E-14
 64-Gd-155    64155.      0.  4.0797E-12  2.6110E-12
 64-Gd-156    64156.      0.  1.4299E-10  9.1513E-11
 64-Gd-157    64157.      0.  1.4799E-09  9.4713E-10
 64-Gd-158    64158.      0.  1.4799E-08  9.4713E-09
 64-Gd-159    64159.      0.  3.7097E-08  2.3742E-08
 64-Gd-160    64160.      0.  1.0099E-07  6.4635E-08
 64-Gd-161    64161.      0.  1.1099E-07  7.1035E-08
 64-Gd-162    64162.      0.  6.7895E-08  4.3453E-08
 64-Gd-163    64163.      0.  3.8097E-08  2.4382E-08
 64-Gd-164    64164.      0.  1.4899E-08  9.5353E-09
 64-Gd-165    64165.      0.  6.1396E-09  3.9293E-09
 64-Gd-166    64166.      0.  1.6599E-09  1.0623E-09
 64-Gd-167    64167.      0.  3.6797E-10  2.3550E-10
 64-Gd-168    64168.      0.  2.1799E-11  1.3951E-11
 64-Gd-169    64169.      0.  1.1899E-12  7.6155E-13
 64-Gd-170    64170.      0.  2.6798E-14  1.7151E-14
 64-Gd-171    64171.      0.  0.0000E+00  0.0000E+00
 64-Gd-172    64172.      0.  0.0000E+00  0.0000E+00
 65-Tb-151    65151.      0.  0.0000E+00  0.0000E+00
 65-Tb-153    65153.      0.  0.0000E+00  0.0000E+00
 65-Tb-155    65155.      0.  0.0000E+00  0.0000E+00
 65-Tb-156    65156.      0.  0.0000E+00  0.0000E+00
 65-Tb-156-M  65156.      1.  0.0000E+00  0.0000E+00
 65-Tb-157    65157.      0.  4.9297E-14  3.1550E-14
 65-Tb-158    65158.      0.  1.1999E-12  7.6795E-13
 65-Tb-158-M  65158.      1.  1.3299E-13  8.5114E-14
 65-Tb-159    65159.      0.  1.6999E-11  1.0879E-11
 65-Tb-160    65160.      0.  2.8398E-10  1.8175E-10
 65-Tb-161    65161.      0.  5.9596E-10  3.8141E-10
 65-Tb-162    65162.      0.  4.5197E-10  2.8926E-10
 65-Tb-162-M  65162.      1.  4.5197E-10  2.8926E-10
 65-Tb-163    65163.      0.  2.1399E-09  1.3695E-09
 65-Tb-164    65164.      0.  1.7999E-09  1.1519E-09
 65-Tb-165    65165.      0.  2.8098E-09  1.7983E-09
 65-Tb-166    65166.      0.  1.5399E-09  9.8553E-10
 65-Tb-167    65167.      0.  1.3399E-09  8.5754E-10
 65-Tb-168    65168.      0.  1.7299E-10  1.1071E-10
 65-Tb-169    65169.      0.  4.0697E-11  2.6046E-11
 65-Tb-170    65170.      0.  2.2398E-12  1.4335E-12
 65-Tb-171    65171.      0.  2.9198E-13  1.8687E-13
 65-Tb-172    65172.      0.  1.0499E-14  6.7195E-15
 66-Dy-155    66155.      0.  0.0000E+00  0.0000E+00
 66-Dy-156    66156.      0.  0.0000E+00  0.0000E+00
 66-Dy-157    66157.      0.  0.0000E+00  0.0000E+00
 66-Dy-158    66158.      0.  0.0000E+00  0.0000E+00
 66-Dy-159    66159.      0.  0.0000E+00  0.0000E+00
 66-Dy-160    66160.      0.  1.9299E-14  1.2351E-14
 66-Dy-161    66161.      0.  2.5098E-13  1.6063E-13
 66-Dy-162    66162.      0.  2.0299E-12  1.2991E-12
 66-Dy-163    66163.      0.  1.2399E-11  7.9354E-12
 66-Dy-164    66164.      0.  4.7797E-11  3.0590E-11
 66-Dy-165    66165.      0.  1.5299E-10  9.7913E-11
 66-Dy-165-M  66165.      1.  2.2898E-11  1.4655E-11
 66-Dy-166    66166.      0.  3.9797E-10  2.5470E-10
 66-Dy-167    66167.      0.  7.5095E-10  4.8061E-10
 66-Dy-168    66168.      0.  3.6397E-10  2.3294E-10
 66-Dy-169    66169.      0.  1.7399E-10  1.1135E-10
 66-Dy-170    66170.      0.  3.7297E-11  2.3870E-11
 66-Dy-171    66171.      0.  1.0899E-11  6.9755E-12
 66-Dy-172    66172.      0.  1.7699E-12  1.1327E-12
 67-Ho-159    67159.      0.  0.0000E+00  0.0000E+00
 67-Ho-159-M  67159.      1.  0.0000E+00  0.0000E+00
 67-Ho-161    67161.      0.  0.0000E+00  0.0000E+00
 67-Ho-161-M  67161.      1.  0.0000E+00  0.0000E+00
 67-Ho-162    67162.      0.  0.0000E+00  0.0000E+00
 67-Ho-162-M  67162.      1.  0.0000E+00  0.0000E+00
 67-Ho-163    67163.      0.  0.0000E+00  0.0000E+00
 67-Ho-163-M  67163.      1.  0.0000E+00  0.0000E+00
 67-Ho-164    67164.      0.  0.0000E+00  0.0000E+00
 67-Ho-164-M  67164.      1.  0.0000E+00  0.0000E+00
 67-Ho-165    67165.      0.  2.0499E-13  1.3119E-13
 67-Ho-166    67166.      0.  4.0297E-13  2.5790E-13
 67-Ho-166-M  67166.      1.  9.4093E-13  6.0220E-13
 67-Ho-167    67167.      0.  1.0299E-11  6.5915E-12
 67-Ho-168    67168.      0.  1.1599E-11  7.4235E-12
 67-Ho-169    67169.      0.  2.2298E-11  1.4271E-11
 67-Ho-170    67170.      0.  4.9297E-12  3.1550E-12
 67-Ho-170-M  67170.      1.  4.9297E-12  3.1550E-12
 67-Ho-171    67171.      0.  1.0699E-11  6.8475E-12
 67-Ho-172    67172.      0.  3.6897E-12  2.3614E-12
 68-Er-161    68161.      0.  0.0000E+00  0.0000E+00
 68-Er-162    68162.      0.  0.0000E+00  0.0000E+00
 68-Er-163    68163.      0.  0.0000E+00  0.0000E+00
 68-Er-164    68164.      0.  0.0000E+00  0.0000E+00
 68-Er-165    68165.      0.  0.0000E+00  0.0000E+00
 68-Er-166    68166.      0.  0.0000E+00  0.0000E+00
 68-Er-167    68167.      0.  1.0999E-14  7.0395E-15
 68-Er-167-M  68167.      1.  0.0000E+00  0.0000E+00
 68-Er-168    68168.      0.  6.7895E-14  4.3453E-14
 68-Er-169    68169.      0.  3.2698E-13  2.0927E-13
 68-Er-170    68170.      0.  6.4196E-13  4.1085E-13
 68-Er-171    68171.      0.  1.5799E-12  1.0111E-12
 68-Er-172    68172.      0.  2.1998E-12  1.4079E-12
 69-Tm-165    69165.      0.  0.0000E+00  0.0000E+00
 69-Tm-166    69166.      0.  0.0000E+00  0.0000E+00
 69-Tm-167    69167.      0.  0.0000E+00  0.0000E+00
 69-Tm-168    69168.      0.  0.0000E+00  0.0000E+00
 69-Tm-169    69169.      0.  0.0000E+00  0.0000E+00
 69-Tm-170    69170.      0.  0.0000E+00  0.0000E+00
 69-Tm-171    69171.      0.  0.0000E+00  0.0000E+00
 69-Tm-172    69172.      0.  1.6799E-14  1.0751E-14
 70-Yb-166    70166.      0.  0.0000E+00  0.0000E+00
 70-Yb-167    70167.      0.  0.0000E+00  0.0000E+00
 70-Yb-168    70168.      0.  0.0000E+00  0.0000E+00
 70-Yb-169    70169.      0.  0.0000E+00  0.0000E+00
 70-Yb-169-M  70169.      1.  0.0000E+00  0.0000E+00
 70-Yb-170    70170.      0.  0.0000E+00  0.0000E+00
 70-Yb-171    70171.      0.  0.0000E+00  0.0000E+00
 70-Yb-172    70172.      0.  0.0000E+00  0.0000E+00
 71-Lu-169    71169.      0.  0.0000E+00  0.0000E+00
 71-Lu-169-M  71169.      1.  0.0000E+00  0.0000E+00
 71-Lu-171    71171.      0.  0.0000E+00  0.0000E+00
 71-Lu-171-M  71171.      1.  0.0000E+00  0.0000E+00
 71-Lu-172    71172.      0.  0.0000E+00  0.0000E+00
 71-Lu-172-M  71172.      1.  0.0000E+00  0.0000E+00
 72-Hf-171    72171.      0.  0.0000E+00  0.0000E+00
 72-Hf-172    72172.      0.  0.0000E+00  0.0000E+00
